0 26
0 42
0 87
0 91
0 213
0 237
1 3
1 20
1 21
1 44
1 49
1 93
1 101
1 155
1 163
1 181
1 182
1 214
1 261
1 288
1 290
2 18
2 115
2 128
3 8
3 49
3 123
4 172
4 236
6 243
7 30
7 44
7 46
7 47
7 48
7 66
7 84
7 99
7 133
7 192
7 205
7 208
7 216
7 245
7 247
7 264
7 281
9 258
10 2
10 13
10 30
10 32
10 36
10 58
10 62
10 116
10 135
10 197
10 253
12 17
12 39
12 42
12 50
12 158
12 215
12 256
14 162
15 63
15 153
17 3
17 14
17 76
17 97
17 98
17 101
17 168
19 34
19 98
19 153
19 224
19 281
22 26
22 31
22 34
22 63
22 72
22 76
22 139
22 154
22 165
22 168
22 203
23 58
23 132
23 137
23 167
24 149
26 64
26 91
26 100
26 294
27 156
30 69
30 131
30 196
30 228
30 297
30 299
32 31
32 40
32 51
32 58
32 62
32 152
32 190
37 5
38 10
38 80
38 82
38 151
38 265
39 40
39 47
39 49
39 58
39 89
39 98
39 153
39 190
39 281
39 303
40 132
40 190
41 245
42 63
43 32
44 49
44 91
44 100
44 147
44 183
44 187
44 281
44 289
44 294
46 95
46 230
47 33
47 144
47 154
47 155
47 165
47 281
49 75
50 6
50 39
50 44
50 55
50 76
50 77
50 121
50 177
50 191
50 205
50 269
50 277
50 281
51 150
55 1
55 17
55 22
55 70
55 77
55 99
55 114
56 204
56 301
57 217
57 233
58 167
59 1
59 7
59 30
59 41
59 46
59 55
59 61
59 63
59 66
59 79
59 84
59 85
59 97
59 99
59 129
59 134
59 143
59 159
59 174
59 175
59 192
59 203
59 204
59 205
59 215
59 216
59 218
59 228
59 239
59 245
59 247
59 248
59 251
59 259
59 266
59 267
59 275
59 280
59 302
59 306
60 122
60 130
61 7
61 15
61 22
61 44
61 63
61 133
61 153
61 175
61 192
61 203
61 218
61 232
61 248
61 251
61 264
63 46
63 160
63 180
63 187
63 188
63 205
63 212
66 6
66 35
66 63
66 73
66 79
66 97
66 99
66 100
66 102
66 116
66 166
66 187
66 192
66 205
66 240
66 254
66 281
66 296
66 303
66 305
67 22
67 39
67 47
67 71
67 76
67 85
67 97
67 98
67 121
67 140
67 156
67 158
67 168
67 173
67 200
67 209
67 215
67 220
67 265
67 275
67 276
67 278
67 286
67 303
68 218
68 260
68 262
69 54
69 60
69 127
69 131
69 141
69 268
72 1
72 3
72 36
72 153
72 157
74 205
75 218
76 1
76 14
76 19
76 20
76 47
76 58
76 80
76 83
76 97
76 98
76 153
76 154
76 155
76 161
76 162
76 165
76 197
76 209
76 221
76 241
76 287
77 99
77 209
78 5
78 70
79 63
79 192
79 244
79 254
79 280
81 45
81 285
81 303
82 4
82 10
82 45
82 81
82 111
82 285
83 11
83 39
85 31
85 47
85 153
85 205
85 228
85 245
85 280
85 303
87 15
87 105
87 237
88 22
88 30
88 44
88 50
88 61
88 85
88 93
88 97
88 106
88 121
88 133
88 139
88 173
88 184
88 191
88 192
88 200
88 202
88 208
88 214
88 227
88 232
88 244
88 273
88 277
88 290
88 291
88 298
90 57
90 224
94 78
94 85
94 255
94 275
96 36
96 57
96 148
97 1
97 6
97 14
97 19
97 28
97 43
97 74
97 78
97 99
97 123
97 125
97 146
97 154
97 155
97 162
97 169
97 197
97 229
97 265
97 281
98 126
98 154
98 165
98 251
99 15
99 37
99 85
99 205
99 229
99 240
99 244
99 260
100 103
105 91
105 237
106 108
107 1
107 44
107 169
112 85
112 108
112 154
112 208
113 250
114 7
114 10
114 21
114 22
114 26
114 46
114 61
114 70
114 72
114 78
114 97
114 106
114 121
114 133
114 158
114 195
114 201
114 214
114 232
114 261
114 272
114 277
114 281
114 306
117 235
118 32
118 58
118 152
119 294
119 309
121 1
121 2
121 3
121 7
121 22
121 34
121 44
121 61
121 63
121 66
121 76
121 78
121 96
121 97
121 102
121 112
121 133
121 140
121 153
121 154
121 155
121 168
121 169
121 173
121 177
121 202
121 203
121 208
121 209
121 210
121 217
121 221
121 227
121 233
121 240
121 241
121 242
121 245
121 251
121 259
121 265
121 270
121 272
121 273
121 275
121 277
121 281
121 290
121 298
124 7
124 20
124 72
124 121
125 1
125 78
125 133
125 232
125 241
127 131
129 193
130 226
131 54
131 268
132 138
133 44
133 106
133 187
136 1
136 3
136 6
136 29
136 31
136 36
136 67
136 72
136 74
136 76
136 98
136 107
136 109
136 114
136 121
136 123
136 124
136 135
136 137
136 154
136 155
136 156
136 158
136 168
136 169
136 171
136 200
136 204
136 209
136 227
136 231
136 276
136 281
136 292
136 293
139 47
139 133
139 153
139 157
139 275
140 39
140 81
140 83
140 295
142 30
142 50
142 61
142 66
142 79
142 88
142 99
142 114
142 121
142 192
142 203
142 204
142 205
142 208
142 225
142 239
142 245
142 247
142 248
142 271
142 300
142 308
143 163
147 26
148 53
148 178
150 164
153 21
153 34
153 98
153 154
153 163
153 198
153 199
153 210
153 234
153 240
153 290
153 296
154 163
154 268
156 1
156 14
156 22
156 121
156 173
156 200
156 215
156 241
156 270
158 10
158 153
158 282
159 85
159 92
159 108
159 112
159 174
159 175
159 199
159 212
159 239
159 245
159 247
159 263
159 271
159 302
160 65
163 52
163 212
163 268
168 10
168 36
168 39
168 71
168 97
168 123
168 135
168 265
168 275
168 303
169 39
169 49
169 87
171 120
171 199
172 211
173 7
173 44
173 63
173 76
173 97
173 99
173 154
173 186
173 192
173 206
173 207
173 209
173 214
173 240
173 278
173 294
173 298
174 7
174 46
174 112
174 129
174 245
174 247
174 248
174 302
174 307
175 16
175 30
175 63
175 85
175 129
175 143
175 163
175 192
175 247
175 267
177 97
177 146
177 154
181 75
183 26
190 110
192 26
192 46
192 63
192 74
192 129
192 143
192 206
192 212
192 240
192 251
192 294
194 37
194 145
194 290
196 297
197 25
197 32
197 36
197 154
197 256
200 1
200 7
200 10
200 21
200 22
200 31
200 34
200 39
200 42
200 44
200 49
200 50
200 74
200 76
200 97
200 98
200 114
200 116
200 121
200 153
200 154
200 170
200 173
200 177
200 187
200 191
200 208
200 221
200 265
200 275
200 277
200 281
200 286
201 241
203 66
203 85
203 119
203 129
203 153
203 173
203 208
203 218
203 240
203 246
203 247
204 15
204 86
204 129
204 154
204 205
205 37
205 283
208 15
208 30
208 44
208 47
208 74
208 97
208 116
208 133
208 155
208 168
208 182
208 194
208 209
208 221
208 240
208 259
208 261
208 275
208 290
208 294
209 157
209 171
213 2
214 44
214 153
214 192
215 1
215 10
215 39
215 47
215 50
215 74
215 97
215 121
215 133
215 139
215 140
215 153
215 154
215 165
215 171
215 200
215 214
215 227
215 273
215 277
222 134
223 69
223 118
223 209
224 304
227 7
227 30
227 44
227 66
227 85
227 99
227 173
227 241
227 264
227 284
227 302
227 307
231 6
231 10
231 14
231 17
231 22
231 32
231 76
231 97
231 155
231 168
231 246
231 261
231 265
231 270
231 275
232 44
232 69
232 133
239 33
239 41
239 52
239 85
239 92
239 143
239 175
239 204
239 247
239 271
239 302
241 113
241 179
241 181
241 250
242 63
242 241
242 249
245 68
245 69
245 116
245 153
245 240
246 7
246 85
246 86
246 97
246 153
246 192
246 204
246 240
246 248
246 284
247 46
247 63
247 85
247 129
247 176
247 192
247 244
247 245
247 267
247 302
248 15
248 63
248 69
248 85
248 92
248 99
248 108
248 129
248 131
248 160
248 175
248 204
248 239
248 245
248 247
248 259
248 261
248 268
248 302
249 233
249 241
251 193
251 212
257 238
259 63
259 99
259 177
259 192
259 205
259 244
259 254
259 284
261 44
261 237
261 268
263 7
263 63
263 227
263 247
263 248
264 48
264 171
264 187
265 10
265 31
265 47
265 135
265 153
265 197
266 46
266 80
266 274
268 51
268 185
270 1
270 6
270 19
270 107
270 155
270 265
272 139
273 7
273 61
273 63
273 99
273 119
273 129
273 189
273 192
273 203
273 204
273 206
273 232
273 294
275 133
276 47
276 50
276 97
276 121
276 156
276 200
277 22
277 30
277 44
277 63
277 74
277 97
277 119
277 133
277 154
277 192
277 194
277 203
277 204
277 208
277 232
277 237
277 257
277 272
277 298
282 44
284 160
284 252
285 45
287 10
287 24
287 30
287 51
287 117
287 140
289 129
291 9
291 258
298 44
298 48
298 243
302 30
302 54
302 69
302 127
302 130
302 131
302 141
302 268
302 269
305 264
307 187
308 81
308 82
308 232
