0 0 1
0 25 1
0 246 1
0 241 1
0 235 1
0 436 1
0 175 1
0 313 1
0 3 1
0 262 1
0 205 1
0 38 1
0 341 1
0 119 1
0 216 1
0 163 1
0 42 1
0 89 1
1 0 1
1 204 1
1 336 1
1 280 1
1 38 1
1 551 1
1 226 1
1 578 1
1 12 1
1 67 1
1 502 1
1 22 1
1 426 1
1 203 1
2 86 1
2 0 1
2 141 1
2 180 1
2 191 1
2 153 1
2 321 1
2 255 1
2 396 1
2 482 1
2 149 1
2 580 1
2 582 1
2 14 1
2 509 1
2 35 1
2 186 1
2 633 1
2 160 1
2 359 1
2 15 1
2 476 1
2 209 1
2 113 1
2 18 1
2 269 1
2 120 1
2 641 1
3 25 1
3 93 1
3 270 1
3 361 1
3 395 1
3 194 1
3 0 1
3 516 1
3 590 1
3 654 1
3 77 1
4 277 1
4 503 1
4 153 1
4 427 1
4 333 1
4 396 1
4 69 1
4 262 1
4 219 1
4 469 1
4 29 1
4 0 1
4 352 1
4 506 1
4 403 1
4 180 1
4 111 1
4 428 1
4 20 1
4 405 1
4 183 1
4 92 1
4 702 1
4 46 1
4 119 1
4 723 1
4 272 1
4 716 1
4 680 1
4 512 1
4 160 1
4 668 1
4 177 1
4 486 1
4 83 1
4 179 1
4 696 1
4 34 1
5 21 1
5 321 1
5 0 1
5 346 1
5 97 1
5 128 1
5 552 1
5 693 1
6 181 1
6 389 1
6 660 1
6 666 1
6 349 1
6 342 1
6 530 1
6 544 1
6 74 1
6 67 1
6 46 1
6 190 1
6 532 1
6 70 1
6 140 1
6 183 1
6 220 1
6 30 1
6 387 1
6 251 1
6 301 1
6 237 1
6 255 1
6 1 1
6 0 1
6 248 1
6 395 1
6 165 1
6 620 1
6 22 1
6 14 1
6 454 1
6 31 1
6 326 1
6 110 1
6 121 1
6 637 1
6 128 1
7 213 1
7 33 1
7 73 1
7 184 1
7 206 1
7 170 1
7 340 1
7 385 1
7 244 1
7 672 1
7 685 1
7 409 1
7 505 1
7 122 1
7 226 1
7 162 1
7 208 1
7 243 1
7 25 1
7 241 1
7 246 1
7 88 1
7 605 1
7 100 1
7 123 1
7 38 1
7 311 1
7 0 1
7 488 1
7 156 1
7 314 1
7 459 1
7 79 1
7 42 1
8 199 1
8 0 1
8 1 1
8 483 1
8 141 1
8 183 1
8 717 1
8 551 1
8 402 1
8 370 1
9 0 1
9 552 1
9 150 1
9 727 1
9 32 1
9 1 1
10 349 1
10 93 1
10 326 1
10 86 1
10 1 1
10 395 1
10 483 1
10 128 1
10 233 1
10 119 1
10 663 1
10 46 1
10 276 1
10 517 1
10 186 1
10 368 1
10 205 1
10 120 1
10 541 1
10 59 1
10 651 1
10 0 1
11 73 1
11 77 1
11 332 1
11 219 1
11 93 1
11 29 1
11 270 1
11 263 1
11 349 1
11 395 1
11 391 1
11 516 1
11 25 1
11 483 1
11 651 1
11 361 1
11 356 1
11 86 1
11 410 1
11 1 1
11 132 1
11 721 1
11 14 1
11 714 1
11 66 1
11 0 1
11 342 1
11 128 1
12 29 1
12 69 1
12 394 1
12 0 1
12 649 1
13 365 1
13 227 1
13 195 1
13 229 1
13 128 1
13 342 1
13 651 1
13 391 1
13 80 1
13 410 1
13 181 1
13 267 1
13 186 1
13 686 1
13 187 1
13 0 1
13 121 1
13 262 1
14 115 1
14 28 1
14 530 1
14 124 1
14 63 1
14 81 1
14 194 1
14 516 1
14 670 1
14 676 1
14 515 1
14 193 1
14 609 1
14 649 1
14 174 1
14 368 1
14 658 1
14 46 1
14 244 1
14 391 1
14 73 1
14 410 1
14 259 1
14 675 1
14 36 1
14 42 1
14 540 1
14 520 1
14 29 1
14 25 1
14 0 1
14 80 1
15 463 1
15 85 1
15 226 1
15 21 1
15 128 1
15 714 1
15 0 1
16 530 1
16 199 1
16 1 1
16 469 1
16 32 1
16 601 1
16 42 1
16 561 1
16 189 1
16 688 1
17 63 1
17 219 1
17 516 1
17 637 1
17 124 1
17 28 1
17 513 1
17 113 1
17 77 1
17 184 1
17 21 1
17 1 1
17 80 1
18 194 1
18 395 1
18 160 1
18 34 1
18 148 1
18 181 1
18 21 1
18 380 1
18 74 1
18 510 1
18 374 1
18 427 1
18 660 1
18 42 1
18 158 1
18 636 1
18 719 1
18 168 1
18 177 1
18 15 1
18 35 1
18 141 1
18 253 1
18 10 1
18 119 1
18 728 1
18 659 1
18 66 1
18 106 1
19 29 1
19 289 1
19 46 1
19 409 1
19 240 1
19 239 1
19 391 1
19 1 1
19 81 1
19 529 1
19 61 1
19 246 1
19 109 1
19 521 1
19 262 1
19 510 1
19 611 1
19 119 1
19 368 1
19 36 1
19 31 1
19 669 1
20 443 1
20 543 1
20 347 1
20 183 1
20 21 1
20 1 1
20 602 1
20 568 1
20 520 1
20 166 1
20 22 1
20 46 1
20 562 1
20 229 1
20 396 1
20 417 1
20 304 1
20 209 1
20 170 1
20 42 1
20 33 1
20 30 1
20 465 1
20 450 1
20 551 1
21 25 1
21 263 1
21 389 1
21 184 1
21 1 1
21 80 1
22 103 1
22 100 1
22 36 1
22 176 1
22 246 1
22 297 1
22 29 1
22 426 1
22 114 1
22 502 1
22 30 1
22 533 1
22 366 1
22 157 1
22 499 1
22 107 1
22 544 1
22 91 1
22 298 1
22 368 1
22 1 1
22 128 1
22 42 1
22 571 1
22 32 1
22 46 1
22 431 1
22 223 1
22 81 1
22 556 1
22 108 1
22 518 1
22 252 1
22 433 1
22 64 1
22 673 1
22 575 1
22 21 1
22 40 1
23 32 1
23 163 1
23 436 1
23 469 1
23 415 1
23 100 1
23 304 1
23 1 1
23 403 1
23 490 1
23 456 1
23 585 1
23 584 1
23 583 1
23 374 1
23 586 1
23 689 1
23 420 1
23 309 1
23 565 1
23 356 1
23 368 1
23 544 1
23 298 1
23 499 1
23 9 1
23 673 1
23 253 1
23 122 1
23 117 1
23 129 1
23 579 1
23 81 1
23 708 1
23 119 1
23 311 1
23 308 1
23 691 1
23 390 1
23 46 1
23 83 1
23 67 1
23 64 1
23 694 1
23 355 1
23 85 1
23 382 1
23 24 1
23 701 1
23 560 1
23 369 1
23 14 1
23 593 1
23 614 1
23 111 1
23 721 1
23 547 1
23 617 1
24 483 1
24 141 1
24 270 1
24 21 1
24 285 1
24 1 1
24 128 1
24 42 1
24 32 1
24 331 1
24 510 1
24 126 1
24 394 1
24 637 1
24 181 1
24 255 1
24 469 1
24 259 1
24 343 1
24 130 1
24 117 1
24 140 1
24 67 1
24 326 1
24 454 1
24 698 1
24 370 1
25 107 1
25 211 1
25 42 1
25 236 1
25 1 1
25 70 1
25 473 1
25 388 1
25 226 1
25 535 1
25 293 1
25 237 1
25 346 1
25 612 1
26 36 1
26 347 1
26 244 1
26 252 1
26 564 1
26 113 1
26 138 1
26 210 1
26 587 1
26 220 1
26 154 1
26 292 1
26 22 1
26 298 1
26 544 1
26 21 1
26 263 1
26 1 1
26 199 1
26 183 1
26 107 1
26 673 1
26 46 1
26 264 1
26 386 1
26 626 1
26 291 1
26 402 1
26 712 1
26 11 1
26 374 1
26 203 1
26 55 1
26 495 1
26 246 1
26 709 1
26 89 1
26 607 1
26 724 1
26 704 1
26 675 1
26 454 1
27 286 1
27 126 1
27 289 1
27 52 1
27 248 1
27 21 1
27 43 1
27 530 1
27 184 1
27 1 1
27 469 1
27 686 1
27 493 1
27 187 1
27 74 1
27 173 1
27 22 1
27 46 1
27 36 1
28 40 1
28 300 1
28 610 1
28 446 1
28 64 1
28 558 1
28 472 1
28 517 1
28 119 1
28 83 1
28 292 1
28 98 1
28 223 1
28 322 1
28 490 1
28 460 1
28 183 1
28 573 1
28 28 1
28 42 1
28 265 1
28 468 1
28 56 1
28 102 1
28 81 1
28 22 1
28 521 1
28 113 1
28 298 1
28 641 1
28 32 1
28 376 1
28 454 1
28 220 1
28 110 1
28 391 1
28 1 1
28 29 1
29 199 1
29 25 1
29 332 1
29 263 1
29 194 1
29 174 1
29 516 1
29 239 1
29 43 1
29 86 1
29 124 1
29 361 1
29 110 1
29 410 1
29 512 1
29 334 1
29 673 1
29 62 1
29 46 1
29 499 1
29 612 1
29 22 1
29 315 1
29 11 1
29 31 1
30 369 1
30 550 1
30 421 1
30 100 1
30 499 1
30 49 1
30 606 1
30 57 1
30 250 1
30 42 1
30 122 1
30 700 1
30 706 1
30 372 1
31 237 1
31 244 1
31 36 1
31 540 1
31 70 1
31 522 1
31 354 1
31 347 1
31 91 1
31 252 1
31 368 1
31 1 1
31 124 1
31 575 1
31 128 1
31 293 1
31 457 1
31 532 1
32 66 1
32 181 1
32 335 1
32 516 1
32 361 1
32 342 1
32 159 1
32 83 1
32 205 1
32 174 1
32 219 1
32 239 1
32 121 1
32 368 1
32 719 1
32 476 1
32 244 1
32 565 1
32 263 1
32 1 1
33 128 1
33 42 1
33 368 1
33 263 1
33 184 1
33 565 1
33 391 1
33 433 1
33 361 1
33 1 1
34 80 1
34 576 1
34 368 1
34 410 1
34 124 1
34 77 1
34 1 1
34 649 1
34 394 1
34 128 1
35 281 1
35 637 1
35 219 1
35 1 1
35 42 1
35 32 1
35 434 1
35 439 1
35 603 1
36 117 1
36 119 1
36 85 1
36 101 1
36 120 1
36 212 1
36 530 1
36 11 1
36 405 1
36 506 1
36 445 1
36 268 1
36 409 1
36 359 1
36 600 1
36 146 1
36 313 1
36 298 1
36 386 1
36 698 1
36 209 1
36 113 1
36 723 1
36 534 1
36 36 1
36 58 1
36 540 1
36 100 1
36 706 1
36 183 1
36 240 1
36 494 1
36 83 1
36 271 1
36 22 1
36 352 1
36 356 1
36 1 1
36 294 1
36 302 1
37 332 1
37 184 1
37 121 1
37 128 1
37 74 1
37 192 1
37 20 1
37 1 1
37 389 1
37 86 1
38 250 1
38 305 1
38 158 1
38 479 1
38 514 1
38 371 1
38 474 1
38 34 1
38 154 1
38 416 1
38 403 1
38 180 1
38 632 1
38 633 1
38 310 1
38 689 1
38 654 1
38 168 1
38 374 1
38 359 1
38 378 1
38 428 1
38 710 1
38 716 1
38 186 1
38 696 1
38 708 1
38 2 1
38 431 1
38 701 1
38 721 1
38 162 1
38 357 1
38 499 1
38 149 1
38 142 1
38 525 1
38 177 1
38 5 1
38 707 1
38 384 1
38 67 1
38 636 1
38 381 1
38 723 1
38 42 1
38 581 1
39 119 1
39 120 1
39 161 1
39 160 1
39 83 1
39 339 1
39 81 1
39 42 1
39 113 1
39 38 1
39 373 1
39 85 1
39 30 1
39 222 1
39 333 1
39 138 1
39 517 1
39 352 1
39 627 1
39 100 1
39 62 1
39 427 1
39 503 1
39 101 1
39 34 1
39 491 1
39 540 1
39 415 1
39 246 1
39 489 1
39 315 1
39 613 1
39 482 1
39 667 1
39 69 1
39 414 1
39 445 1
39 695 1
39 404 1
39 46 1
39 103 1
39 106 1
39 186 1
39 156 1
39 279 1
39 387 1
39 369 1
39 499 1
39 449 1
39 619 1
39 67 1
39 359 1
39 701 1
39 272 1
39 378 1
39 146 1
39 70 1
39 56 1
39 167 1
39 173 1
39 185 1
39 722 1
39 2 1
39 111 1
39 36 1
39 208 1
39 454 1
39 702 1
39 32 1
39 426 1
40 658 1
40 87 1
40 506 1
40 221 1
40 315 1
40 696 1
40 272 1
40 41 1
40 408 1
40 352 1
40 83 1
40 725 1
40 2 1
40 476 1
40 262 1
40 120 1
40 101 1
40 510 1
40 447 1
41 70 1
41 508 1
41 264 1
41 317 1
41 350 1
41 99 1
41 425 1
41 630 1
41 501 1
41 250 1
41 314 1
41 42 1
41 419 1
41 282 1
41 253 1
41 699 1
41 535 1
41 78 1
41 442 1
41 381 1
41 327 1
41 408 1
41 2 1
41 246 1
41 27 1
41 616 1
41 167 1
41 551 1
41 620 1
41 525 1
42 30 1
42 113 1
42 11 1
42 265 1
42 132 1
42 128 1
42 111 1
42 235 1
42 372 1
42 107 1
42 186 1
42 154 1
42 46 1
42 436 1
42 70 1
42 211 1
42 103 1
42 522 1
42 60 1
42 352 1
42 3 1
42 291 1
42 479 1
42 89 1
42 579 1
42 581 1
42 427 1
42 510 1
42 622 1
42 687 1
42 689 1
42 671 1
42 202 1
42 334 1
42 426 1
42 163 1
42 500 1
42 683 1
42 402 1
42 247 1
42 428 1
42 164 1
42 638 1
42 167 1
42 262 1
43 6 1
43 119 1
43 275 1
43 183 1
43 46 1
43 22 1
43 244 1
43 21 1
43 126 1
43 206 1
43 299 1
43 3 1
43 70 1
43 260 1
43 724 1
43 608 1
43 33 1
43 563 1
43 551 1
44 222 1
44 214 1
44 205 1
44 119 1
44 633 1
44 517 1
44 474 1
44 83 1
44 262 1
44 636 1
44 3 1
44 186 1
45 155 1
45 294 1
45 69 1
45 240 1
45 146 1
45 120 1
45 632 1
45 53 1
45 415 1
45 154 1
45 523 1
45 283 1
45 193 1
45 403 1
45 663 1
45 491 1
45 707 1
45 549 1
45 608 1
45 405 1
45 430 1
45 271 1
45 153 1
45 581 1
45 517 1
45 182 1
45 503 1
45 32 1
45 186 1
45 705 1
45 618 1
45 262 1
45 137 1
45 710 1
45 701 1
45 723 1
45 702 1
45 721 1
45 409 1
45 131 1
45 614 1
45 636 1
45 5 1
45 338 1
45 171 1
45 479 1
45 585 1
45 535 1
45 111 1
45 713 1
45 14 1
45 140 1
45 659 1
45 148 1
45 3 1
45 119 1
45 97 1
45 106 1
45 541 1
45 205 1
45 509 1
45 87 1
45 34 1
45 67 1
45 374 1
45 667 1
45 730 1
45 378 1
45 160 1
46 143 1
46 432 1
46 453 1
46 298 1
46 202 1
46 484 1
46 457 1
46 220 1
46 339 1
46 32 1
46 553 1
46 215 1
46 387 1
46 392 1
46 563 1
46 315 1
46 131 1
46 626 1
46 4 1
46 183 1
46 46 1
46 404 1
46 254 1
46 550 1
46 100 1
46 95 1
46 262 1
46 16 1
46 510 1
46 179 1
46 462 1
46 213 1
46 33 1
46 61 1
46 426 1
46 431 1
47 137 1
47 262 1
47 274 1
47 382 1
47 501 1
47 279 1
47 70 1
47 554 1
47 572 1
47 30 1
47 290 1
47 145 1
47 108 1
47 563 1
47 444 1
47 4 1
47 655 1
47 596 1
47 682 1
47 534 1
47 635 1
47 309 1
48 167 1
48 314 1
48 385 1
48 235 1
48 33 1
48 459 1
48 505 1
48 222 1
48 550 1
48 46 1
48 317 1
48 61 1
48 348 1
48 399 1
48 100 1
48 226 1
48 172 1
48 375 1
48 279 1
48 42 1
48 165 1
48 321 1
48 628 1
48 719 1
48 379 1
48 298 1
49 532 1
49 155 1
49 113 1
49 36 1
49 536 1
49 481 1
49 367 1
49 61 1
49 325 1
49 95 1
49 558 1
49 160 1
49 470 1
49 613 1
49 426 1
49 264 1
49 601 1
49 653 1
49 454 1
49 108 1
49 575 1
49 369 1
49 728 1
49 202 1
49 321 1
49 703 1
49 315 1
49 548 1
49 446 1
49 588 1
49 377 1
49 165 1
49 268 1
49 253 1
49 522 1
49 17 1
49 733 1
49 81 1
49 564 1
49 223 1
49 384 1
49 308 1
49 725 1
49 172 1
49 27 1
49 4 1
49 675 1
49 292 1
49 531 1
49 623 1
49 159 1
49 376 1
49 79 1
49 83 1
49 401 1
49 414 1
50 531 1
50 231 1
50 46 1
50 88 1
50 298 1
50 32 1
50 89 1
50 570 1
50 470 1
50 327 1
50 451 1
51 126 1
51 70 1
51 209 1
51 509 1
51 154 1
51 474 1
51 103 1
51 30 1
51 278 1
51 403 1
51 582 1
51 68 1
51 499 1
51 107 1
51 148 1
51 69 1
51 92 1
51 680 1
51 313 1
51 272 1
51 314 1
51 183 1
51 155 1
51 354 1
51 479 1
51 723 1
51 426 1
51 421 1
51 374 1
51 468 1
51 698 1
51 186 1
51 713 1
51 111 1
51 177 1
51 405 1
51 87 1
51 104 1
51 180 1
51 633 1
51 262 1
51 42 1
51 604 1
51 260 1
52 5 1
52 298 1
52 486 1
52 352 1
52 524 1
52 202 1
52 262 1
52 711 1
52 432 1
52 402 1
52 253 1
52 27 1
52 32 1
52 680 1
53 70 1
53 551 1
53 403 1
53 642 1
53 32 1
53 30 1
53 421 1
53 537 1
53 482 1
53 110 1
53 259 1
53 186 1
53 414 1
53 240 1
53 111 1
53 628 1
53 5 1
53 114 1
53 726 1
53 366 1
53 325 1
53 225 1
54 348 1
54 482 1
54 44 1
54 284 1
54 522 1
54 581 1
54 107 1
54 125 1
54 559 1
54 108 1
54 290 1
54 57 1
54 427 1
54 692 1
54 83 1
54 126 1
54 454 1
54 629 1
54 42 1
54 165 1
54 190 1
54 222 1
54 519 1
54 5 1
55 60 1
55 87 1
55 8 1
55 40 1
55 300 1
55 46 1
55 577 1
55 388 1
55 548 1
55 596 1
55 292 1
55 519 1
55 446 1
55 495 1
55 718 1
55 318 1
55 630 1
55 36 1
55 664 1
55 70 1
55 297 1
55 611 1
55 566 1
55 438 1
55 532 1
55 701 1
55 158 1
55 279 1
55 499 1
55 564 1
55 173 1
55 56 1
55 560 1
55 518 1
55 567 1
55 706 1
55 728 1
55 5 1
55 64 1
55 183 1
55 62 1
55 89 1
55 157 1
55 618 1
55 14 1
55 39 1
55 113 1
55 265 1
56 6 1
56 414 1
56 673 1
56 12 1
56 572 1
56 527 1
56 495 1
56 9 1
56 431 1
56 727 1
56 203 1
56 644 1
56 253 1
56 549 1
56 422 1
56 246 1
56 607 1
56 56 1
56 648 1
56 270 1
56 32 1
56 513 1
56 518 1
56 613 1
57 13 1
57 422 1
57 439 1
57 202 1
57 6 1
57 362 1
57 137 1
57 161 1
57 464 1
57 81 1
57 298 1
57 465 1
57 339 1
57 472 1
57 475 1
57 220 1
57 492 1
57 493 1
57 244 1
57 133 1
57 22 1
57 46 1
57 536 1
58 6 1
58 244 1
58 433 1
58 236 1
58 233 1
58 59 1
58 229 1
58 379 1
58 113 1
58 126 1
58 307 1
58 36 1
58 22 1
58 42 1
58 539 1
58 195 1
58 353 1
58 275 1
58 548 1
58 253 1
58 64 1
58 157 1
58 305 1
58 197 1
58 218 1
58 251 1
58 226 1
58 426 1
58 731 1
58 348 1
58 265 1
58 551 1
58 46 1
59 12 1
59 113 1
59 442 1
59 311 1
59 279 1
59 6 1
59 216 1
59 607 1
59 416 1
59 385 1
59 126 1
59 658 1
59 432 1
59 32 1
59 264 1
59 39 1
59 278 1
59 9 1
59 657 1
59 169 1
59 399 1
59 458 1
59 374 1
59 42 1
59 208 1
60 187 1
60 354 1
60 360 1
60 58 1
60 427 1
60 202 1
60 6 1
60 582 1
60 119 1
60 78 1
60 190 1
60 499 1
60 636 1
60 614 1
60 453 1
60 702 1
60 506 1
60 185 1
60 207 1
60 136 1
60 251 1
60 352 1
60 321 1
60 98 1
60 550 1
60 426 1
60 244 1
60 39 1
60 432 1
60 253 1
60 578 1
60 264 1
60 173 1
60 27 1
60 169 1
60 449 1
60 717 1
60 436 1
61 301 1
61 130 1
61 346 1
61 339 1
61 417 1
61 133 1
61 423 1
61 54 1
61 261 1
61 53 1
61 235 1
61 173 1
61 603 1
61 103 1
61 81 1
61 407 1
61 566 1
61 238 1
61 183 1
61 653 1
61 613 1
61 232 1
61 200 1
61 246 1
61 247 1
61 38 1
61 326 1
61 498 1
61 548 1
61 602 1
61 113 1
61 610 1
61 46 1
61 6 1
61 40 1
61 203 1
61 98 1
61 47 1
61 540 1
61 36 1
62 6 1
62 441 1
62 724 1
62 423 1
62 377 1
62 731 1
62 446 1
62 36 1
62 81 1
62 46 1
62 98 1
62 636 1
62 183 1
62 90 1
62 72 1
62 547 1
62 234 1
62 470 1
62 244 1
63 350 1
63 352 1
63 78 1
63 456 1
63 128 1
63 117 1
63 16 1
63 553 1
63 432 1
63 414 1
63 57 1
63 436 1
63 546 1
63 427 1
63 205 1
63 262 1
63 408 1
63 224 1
63 572 1
63 101 1
63 663 1
63 75 1
63 613 1
63 32 1
63 513 1
63 698 1
63 449 1
63 142 1
63 84 1
63 683 1
63 119 1
64 155 1
64 339 1
64 253 1
64 40 1
64 56 1
64 220 1
64 557 1
64 11 1
64 234 1
64 587 1
64 209 1
64 64 1
64 292 1
64 143 1
64 135 1
64 32 1
64 495 1
64 351 1
64 228 1
64 31 1
64 377 1
64 397 1
64 36 1
64 113 1
64 376 1
64 527 1
64 414 1
64 183 1
64 215 1
64 315 1
64 6 1
64 718 1
64 119 1
64 241 1
65 672 1
65 401 1
65 399 1
65 53 1
65 587 1
65 131 1
65 449 1
65 698 1
65 22 1
65 550 1
65 628 1
65 451 1
65 315 1
65 119 1
65 36 1
65 527 1
65 729 1
65 334 1
65 488 1
65 291 1
65 477 1
65 97 1
65 732 1
65 289 1
65 103 1
65 122 1
65 6 1
65 228 1
65 126 1
65 673 1
65 30 1
66 246 1
66 247 1
66 147 1
66 404 1
66 52 1
66 133 1
66 7 1
66 249 1
66 8 1
66 85 1
66 318 1
66 273 1
66 176 1
66 32 1
67 10 1
67 157 1
67 444 1
67 454 1
67 137 1
67 117 1
67 479 1
67 544 1
67 59 1
67 7 1
67 313 1
67 429 1
67 635 1
67 30 1
67 70 1
67 650 1
67 462 1
67 534 1
67 11 1
67 480 1
68 62 1
68 103 1
68 334 1
68 425 1
68 197 1
68 488 1
68 100 1
68 421 1
68 628 1
68 513 1
68 558 1
68 61 1
68 45 1
68 7 1
68 253 1
68 568 1
68 235 1
68 38 1
68 629 1
68 145 1
68 623 1
68 677 1
68 79 1
69 41 1
69 188 1
69 196 1
69 442 1
69 217 1
69 234 1
69 311 1
69 436 1
69 27 1
69 640 1
69 215 1
69 186 1
69 7 1
69 238 1
69 45 1
70 294 1
70 42 1
70 258 1
70 463 1
70 46 1
70 390 1
70 312 1
70 597 1
70 564 1
70 600 1
70 32 1
70 547 1
70 337 1
70 126 1
70 288 1
70 273 1
70 298 1
70 594 1
70 569 1
70 98 1
70 536 1
70 61 1
70 202 1
71 337 1
71 8 1
71 624 1
71 38 1
71 82 1
71 173 1
71 591 1
71 230 1
71 144 1
71 23 1
72 103 1
72 234 1
72 36 1
72 210 1
72 323 1
72 107 1
72 448 1
72 470 1
72 301 1
72 528 1
72 287 1
72 273 1
72 175 1
72 598 1
72 214 1
72 327 1
72 495 1
72 12 1
72 235 1
72 616 1
72 83 1
72 118 1
72 382 1
72 218 1
72 112 1
72 167 1
72 192 1
72 474 1
72 222 1
72 284 1
72 502 1
72 522 1
72 100 1
72 122 1
72 89 1
72 408 1
72 61 1
72 308 1
72 407 1
72 376 1
72 183 1
72 173 1
72 458 1
72 44 1
72 493 1
72 9 1
72 631 1
72 280 1
72 481 1
72 8 1
73 42 1
73 380 1
73 85 1
73 8 1
73 548 1
73 136 1
73 197 1
73 163 1
73 446 1
73 621 1
73 48 1
73 526 1
73 363 1
73 119 1
74 243 1
74 260 1
74 234 1
74 443 1
74 454 1
74 428 1
74 113 1
74 103 1
74 547 1
74 411 1
74 262 1
74 203 1
74 632 1
74 633 1
74 197 1
74 543 1
74 566 1
74 583 1
74 708 1
74 32 1
74 8 1
74 355 1
74 486 1
74 611 1
75 51 1
75 318 1
75 450 1
75 211 1
75 79 1
75 605 1
75 14 1
75 603 1
75 264 1
75 13 1
75 534 1
75 61 1
75 536 1
75 208 1
75 253 1
75 532 1
75 94 1
75 183 1
75 85 1
75 64 1
75 570 1
75 131 1
75 119 1
75 501 1
75 32 1
75 46 1
75 123 1
75 8 1
75 83 1
75 81 1
75 551 1
75 47 1
75 220 1
75 136 1
75 497 1
75 596 1
75 249 1
76 374 1
76 61 1
76 220 1
76 157 1
76 56 1
76 438 1
76 38 1
76 153 1
76 562 1
76 524 1
76 646 1
76 70 1
76 631 1
76 264 1
76 366 1
76 719 1
77 27 1
77 370 1
77 468 1
77 354 1
77 176 1
77 32 1
77 183 1
77 244 1
77 445 1
77 509 1
77 627 1
77 36 1
77 214 1
77 434 1
77 251 1
77 423 1
77 38 1
77 20 1
77 80 1
77 119 1
77 8 1
77 14 1
78 81 1
78 485 1
78 256 1
78 242 1
78 294 1
78 341 1
78 119 1
78 76 1
78 455 1
78 713 1
78 33 1
78 406 1
78 192 1
78 14 1
78 532 1
78 720 1
78 454 1
78 46 1
78 12 1
78 337 1
78 23 1
78 8 1
79 103 1
79 84 1
79 145 1
79 159 1
79 9 1
79 264 1
79 505 1
79 596 1
79 30 1
79 444 1
79 657 1
79 206 1
80 79 1
80 10 1
80 620 1
80 112 1
80 46 1
80 534 1
80 42 1
80 502 1
80 150 1
80 264 1
81 87 1
81 307 1
81 365 1
81 10 1
81 427 1
81 414 1
81 60 1
81 179 1
81 34 1
81 163 1
81 562 1
81 667 1
81 160 1
81 205 1
81 257 1
81 675 1
81 154 1
81 15 1
81 240 1
81 195 1
81 229 1
81 42 1
81 69 1
81 541 1
81 298 1
81 663 1
81 111 1
81 701 1
81 700 1
81 716 1
81 671 1
81 104 1
81 182 1
81 325 1
81 92 1
81 226 1
81 531 1
81 709 1
81 696 1
81 378 1
81 246 1
81 146 1
81 723 1
81 131 1
81 402 1
81 106 1
81 702 1
81 721 1
81 512 1
81 382 1
81 129 1
81 149 1
81 30 1
82 11 1
82 87 1
82 10 1
82 34 1
82 100 1
82 131 1
82 163 1
82 509 1
82 69 1
82 180 1
82 510 1
82 60 1
82 186 1
82 633 1
82 562 1
82 205 1
82 154 1
82 68 1
82 240 1
82 195 1
82 42 1
82 35 1
82 193 1
82 515 1
82 283 1
82 246 1
82 430 1
82 702 1
82 158 1
82 177 1
82 700 1
82 111 1
82 721 1
82 701 1
83 202 1
83 46 1
83 107 1
83 512 1
83 182 1
83 83 1
83 333 1
83 595 1
83 159 1
83 81 1
83 509 1
83 351 1
83 567 1
83 350 1
83 65 1
83 186 1
83 70 1
83 668 1
83 498 1
83 153 1
83 633 1
83 618 1
83 687 1
83 681 1
83 586 1
83 654 1
83 424 1
83 689 1
83 160 1
83 321 1
83 238 1
83 100 1
83 209 1
83 30 1
83 55 1
83 32 1
83 10 1
83 695 1
84 355 1
84 347 1
84 525 1
84 226 1
84 38 1
84 600 1
84 97 1
84 11 1
84 32 1
84 498 1
84 42 1
84 382 1
84 117 1
85 163 1
85 182 1
85 11 1
85 129 1
85 632 1
85 425 1
85 27 1
85 402 1
85 371 1
85 340 1
85 407 1
86 247 1
86 352 1
86 209 1
86 590 1
86 533 1
86 400 1
86 117 1
86 107 1
86 550 1
86 46 1
86 11 1
86 512 1
86 641 1
86 630 1
86 192 1
86 664 1
86 665 1
86 48 1
86 208 1
86 36 1
86 347 1
86 292 1
86 339 1
86 183 1
86 686 1
86 492 1
86 621 1
86 688 1
86 246 1
86 374 1
86 318 1
86 431 1
86 214 1
86 83 1
86 156 1
86 382 1
87 56 1
87 380 1
87 311 1
87 42 1
87 151 1
87 36 1
87 690 1
87 155 1
87 164 1
87 140 1
87 668 1
87 46 1
87 709 1
87 358 1
87 723 1
87 11 1
87 705 1
87 374 1
87 160 1
87 721 1
87 512 1
87 163 1
87 138 1
88 198 1
88 582 1
88 450 1
88 553 1
88 430 1
88 129 1
88 120 1
88 415 1
88 27 1
88 186 1
88 182 1
88 313 1
88 42 1
88 512 1
89 70 1
89 64 1
89 315 1
89 36 1
89 67 1
89 592 1
89 46 1
89 561 1
89 103 1
89 291 1
89 638 1
89 509 1
89 522 1
89 476 1
89 385 1
89 89 1
89 143 1
89 555 1
89 396 1
89 91 1
89 278 1
89 94 1
89 698 1
89 30 1
89 65 1
89 173 1
89 723 1
89 42 1
89 706 1
89 411 1
89 11 1
90 137 1
90 148 1
90 554 1
90 422 1
90 138 1
90 153 1
90 70 1
90 183 1
90 107 1
90 208 1
90 558 1
90 476 1
90 295 1
90 698 1
90 540 1
90 46 1
90 653 1
90 730 1
90 298 1
90 704 1
90 32 1
91 37 1
91 53 1
91 71 1
91 12 1
91 102 1
91 175 1
91 179 1
91 313 1
91 277 1
91 177 1
91 247 1
91 83 1
91 54 1
91 156 1
91 240 1
91 117 1
91 308 1
91 509 1
91 35 1
91 374 1
91 345 1
91 436 1
91 119 1
91 246 1
91 186 1
91 89 1
91 64 1
91 163 1
92 126 1
92 286 1
92 371 1
92 32 1
92 118 1
92 518 1
92 613 1
92 616 1
92 413 1
92 462 1
92 12 1
92 657 1
93 183 1
93 260 1
93 216 1
93 104 1
93 17 1
93 468 1
93 498 1
93 588 1
93 535 1
93 12 1
94 32 1
94 253 1
94 308 1
94 257 1
94 414 1
94 383 1
94 496 1
94 627 1
94 12 1
94 83 1
94 684 1
94 438 1
94 70 1
94 642 1
95 30 1
95 97 1
95 22 1
95 12 1
96 200 1
96 46 1
96 232 1
96 422 1
96 170 1
96 459 1
96 48 1
96 13 1
96 143 1
96 289 1
96 493 1
96 40 1
96 183 1
96 347 1
96 572 1
96 439 1
96 217 1
96 574 1
96 621 1
96 594 1
96 585 1
96 638 1
96 50 1
97 38 1
97 216 1
97 202 1
97 13 1
97 183 1
97 298 1
97 103 1
97 32 1
97 601 1
97 90 1
97 36 1
97 220 1
97 540 1
97 699 1
97 70 1
97 46 1
97 157 1
97 89 1
97 31 1
97 56 1
97 113 1
97 454 1
98 31 1
98 206 1
98 241 1
98 319 1
98 100 1
98 13 1
98 400 1
98 456 1
98 539 1
98 662 1
98 350 1
98 116 1
98 476 1
98 501 1
99 15 1
99 210 1
99 246 1
99 94 1
99 413 1
99 83 1
99 179 1
99 117 1
99 456 1
99 693 1
99 467 1
99 407 1
99 145 1
99 220 1
99 13 1
100 26 1
100 532 1
100 478 1
100 208 1
100 176 1
100 347 1
100 234 1
100 547 1
100 588 1
100 345 1
100 278 1
100 486 1
100 143 1
100 253 1
100 13 1
100 538 1
100 191 1
100 61 1
100 731 1
100 32 1
100 454 1
100 44 1
100 305 1
100 107 1
100 46 1
100 363 1
101 76 1
101 67 1
101 232 1
101 319 1
101 297 1
101 484 1
101 202 1
101 208 1
101 138 1
101 707 1
101 281 1
101 268 1
101 90 1
101 48 1
101 453 1
101 166 1
101 526 1
101 147 1
101 376 1
101 298 1
101 26 1
101 81 1
101 64 1
101 61 1
101 134 1
101 551 1
101 664 1
101 464 1
101 32 1
101 355 1
101 82 1
101 74 1
101 729 1
101 46 1
101 13 1
101 379 1
101 650 1
101 540 1
101 517 1
101 262 1
101 561 1
101 56 1
101 36 1
101 662 1
101 79 1
101 414 1
101 725 1
101 264 1
101 135 1
102 27 1
102 83 1
102 271 1
102 190 1
102 153 1
102 139 1
102 691 1
102 136 1
102 557 1
102 81 1
102 323 1
102 264 1
102 612 1
102 548 1
102 404 1
102 46 1
102 678 1
102 32 1
102 733 1
102 112 1
102 222 1
102 19 1
102 319 1
102 644 1
103 76 1
103 355 1
103 74 1
103 61 1
103 376 1
103 377 1
103 383 1
103 220 1
103 102 1
103 14 1
103 398 1
103 298 1
103 46 1
104 53 1
104 193 1
104 261 1
104 430 1
104 522 1
104 484 1
104 290 1
104 524 1
104 331 1
104 329 1
104 328 1
104 126 1
104 157 1
104 447 1
104 46 1
104 440 1
104 426 1
104 554 1
104 107 1
104 560 1
104 383 1
104 81 1
104 183 1
104 145 1
104 135 1
104 546 1
104 527 1
105 106 1
105 374 1
105 431 1
105 36 1
105 220 1
105 56 1
105 46 1
105 14 1
105 414 1
105 546 1
105 308 1
105 310 1
105 634 1
105 296 1
105 456 1
105 179 1
105 163 1
105 262 1
106 104 1
106 138 1
106 46 1
106 223 1
106 14 1
106 353 1
106 159 1
106 664 1
106 473 1
106 481 1
106 722 1
106 278 1
106 126 1
106 17 1
107 42 1
107 61 1
107 426 1
107 16 1
107 521 1
107 334 1
107 205 1
107 183 1
107 56 1
107 449 1
107 495 1
107 81 1
107 220 1
107 397 1
107 119 1
107 40 1
107 107 1
107 100 1
107 517 1
107 120 1
107 278 1
107 215 1
107 339 1
107 20 1
107 264 1
107 46 1
107 308 1
108 374 1
108 535 1
108 156 1
108 622 1
108 100 1
108 14 1
108 442 1
108 45 1
108 480 1
108 400 1
108 30 1
108 235 1
108 545 1
108 598 1
108 128 1
108 25 1
109 224 1
109 296 1
109 396 1
109 238 1
109 226 1
109 493 1
109 187 1
109 392 1
109 116 1
109 292 1
109 30 1
109 499 1
109 14 1
109 710 1
109 454 1
109 19 1
109 351 1
109 453 1
109 107 1
109 138 1
109 280 1
109 612 1
109 465 1
109 551 1
109 717 1
109 36 1
109 476 1
109 215 1
109 304 1
110 186 1
110 542 1
110 555 1
110 610 1
110 477 1
110 400 1
110 127 1
110 455 1
110 587 1
110 519 1
110 27 1
110 318 1
110 447 1
110 117 1
110 378 1
110 160 1
110 62 1
110 264 1
110 522 1
110 413 1
110 158 1
110 129 1
110 535 1
110 607 1
110 67 1
110 701 1
110 414 1
110 30 1
110 646 1
110 100 1
110 14 1
110 79 1
110 708 1
111 148 1
111 146 1
111 138 1
111 140 1
111 87 1
111 593 1
111 69 1
111 582 1
111 60 1
111 262 1
111 659 1
111 378 1
111 369 1
111 68 1
111 668 1
111 415 1
111 633 1
111 584 1
111 42 1
111 650 1
111 154 1
111 186 1
111 120 1
111 205 1
111 274 1
111 153 1
111 403 1
111 160 1
111 67 1
111 226 1
111 296 1
111 253 1
111 155 1
111 119 1
111 709 1
111 396 1
111 137 1
111 101 1
111 723 1
111 32 1
111 698 1
111 604 1
111 636 1
111 696 1
112 461 1
112 61 1
112 423 1
112 217 1
112 473 1
112 107 1
112 125 1
112 678 1
112 322 1
112 432 1
112 46 1
112 308 1
112 16 1
112 509 1
112 613 1
112 413 1
112 602 1
112 495 1
112 655 1
112 22 1
112 548 1
112 443 1
112 531 1
112 208 1
112 113 1
112 171 1
112 621 1
112 594 1
112 289 1
112 698 1
112 185 1
112 725 1
112 643 1
112 17 1
112 30 1
112 446 1
112 648 1
112 41 1
113 284 1
113 487 1
113 261 1
113 523 1
113 676 1
113 193 1
113 283 1
113 351 1
113 132 1
113 705 1
113 698 1
113 137 1
113 106 1
113 559 1
113 702 1
113 246 1
113 568 1
113 15 1
113 32 1
113 14 1
113 592 1
113 396 1
113 704 1
113 107 1
113 579 1
113 315 1
114 343 1
114 601 1
114 404 1
114 465 1
114 338 1
114 627 1
114 119 1
114 244 1
114 433 1
114 91 1
114 14 1
114 571 1
114 252 1
114 233 1
114 46 1
114 197 1
114 64 1
115 151 1
115 180 1
115 87 1
115 562 1
115 41 1
115 509 1
115 524 1
115 329 1
115 160 1
115 248 1
115 581 1
115 186 1
115 21 1
115 45 1
115 15 1
115 168 1
115 149 1
115 262 1
115 14 1
115 636 1
116 121 1
116 395 1
116 606 1
116 522 1
116 265 1
116 14 1
117 60 1
117 309 1
117 698 1
117 700 1
117 136 1
117 139 1
117 221 1
117 165 1
117 14 1
117 636 1
117 543 1
117 323 1
117 304 1
117 586 1
118 50 1
118 91 1
118 56 1
118 296 1
118 287 1
118 107 1
118 117 1
118 275 1
118 188 1
118 273 1
118 40 1
118 679 1
118 677 1
118 165 1
118 183 1
118 22 1
118 70 1
118 388 1
118 260 1
118 94 1
118 95 1
118 456 1
118 36 1
118 31 1
118 436 1
118 119 1
118 590 1
118 584 1
118 717 1
118 351 1
118 308 1
118 32 1
118 82 1
118 23 1
118 517 1
118 120 1
118 636 1
118 220 1
118 236 1
118 289 1
118 476 1
118 148 1
118 695 1
118 535 1
118 262 1
118 355 1
118 446 1
118 14 1
118 106 1
118 548 1
118 510 1
118 696 1
118 132 1
119 266 1
119 136 1
119 559 1
119 61 1
119 226 1
119 70 1
119 107 1
119 590 1
119 528 1
119 631 1
119 292 1
119 84 1
119 308 1
119 46 1
119 566 1
119 99 1
119 561 1
119 435 1
119 432 1
119 55 1
119 111 1
119 262 1
119 563 1
119 362 1
119 360 1
119 162 1
119 431 1
120 155 1
120 100 1
120 369 1
120 165 1
120 532 1
120 55 1
120 384 1
120 42 1
120 614 1
120 78 1
120 431 1
120 36 1
120 535 1
120 162 1
120 726 1
120 721 1
120 136 1
120 598 1
120 226 1
120 46 1
120 405 1
120 317 1
120 522 1
121 573 1
121 30 1
121 129 1
121 695 1
121 698 1
121 206 1
121 673 1
121 538 1
121 495 1
121 454 1
121 704 1
121 321 1
121 567 1
121 697 1
121 613 1
121 328 1
121 46 1
121 331 1
121 308 1
121 32 1
121 545 1
121 14 1
121 488 1
122 419 1
122 92 1
122 700 1
122 244 1
122 210 1
122 701 1
122 506 1
122 105 1
122 663 1
122 222 1
122 32 1
122 702 1
122 579 1
122 160 1
122 146 1
122 309 1
122 652 1
122 654 1
122 625 1
122 315 1
122 27 1
122 734 1
123 21 1
123 96 1
123 242 1
123 624 1
123 150 1
123 282 1
123 646 1
123 266 1
123 522 1
123 359 1
123 120 1
123 149 1
123 165 1
123 253 1
123 82 1
123 67 1
123 379 1
123 728 1
123 459 1
123 64 1
123 367 1
123 308 1
123 98 1
123 81 1
123 132 1
123 83 1
123 669 1
123 486 1
123 355 1
123 226 1
124 171 1
124 160 1
124 421 1
124 218 1
124 192 1
124 246 1
124 381 1
124 348 1
124 305 1
124 42 1
124 36 1
124 438 1
124 98 1
124 620 1
124 476 1
124 226 1
124 196 1
124 492 1
125 227 1
125 15 1
125 353 1
125 126 1
125 411 1
125 223 1
125 81 1
125 229 1
126 115 1
126 660 1
126 661 1
126 43 1
126 380 1
126 15 1
126 357 1
126 93 1
126 367 1
126 637 1
126 311 1
126 319 1
126 35 1
126 168 1
126 142 1
126 229 1
126 128 1
126 42 1
127 308 1
127 461 1
127 481 1
127 208 1
127 697 1
127 616 1
127 38 1
127 111 1
127 621 1
127 254 1
127 402 1
127 15 1
128 471 1
128 46 1
128 453 1
128 111 1
128 535 1
128 212 1
128 38 1
128 720 1
128 599 1
128 178 1
128 406 1
128 127 1
128 82 1
128 244 1
128 86 1
128 717 1
128 15 1
129 117 1
129 295 1
129 226 1
129 312 1
129 214 1
129 104 1
129 411 1
129 65 1
129 626 1
129 46 1
129 21 1
129 368 1
129 433 1
129 572 1
129 656 1
129 126 1
129 350 1
129 426 1
129 254 1
129 550 1
129 91 1
129 468 1
129 462 1
129 16 1
129 595 1
129 313 1
129 578 1
129 262 1
129 608 1
130 45 1
130 320 1
130 273 1
130 162 1
130 175 1
130 197 1
130 55 1
130 461 1
130 17 1
130 374 1
130 41 1
130 526 1
130 308 1
130 111 1
130 104 1
130 512 1
130 311 1
130 186 1
130 499 1
130 34 1
130 672 1
130 427 1
130 436 1
131 192 1
131 387 1
131 447 1
131 179 1
131 17 1
131 265 1
131 440 1
131 589 1
131 246 1
131 133 1
131 427 1
131 311 1
131 643 1
131 329 1
131 524 1
131 318 1
131 506 1
131 316 1
131 615 1
131 412 1
131 97 1
131 644 1
131 462 1
131 214 1
131 32 1
131 189 1
131 75 1
131 375 1
131 442 1
131 159 1
131 79 1
131 274 1
131 250 1
132 119 1
132 113 1
132 262 1
132 41 1
132 436 1
132 456 1
132 138 1
132 19 1
132 498 1
132 107 1
132 661 1
132 546 1
132 17 1
133 240 1
133 209 1
133 119 1
133 278 1
133 374 1
133 522 1
133 521 1
133 603 1
133 468 1
133 312 1
133 386 1
133 32 1
133 609 1
133 498 1
133 258 1
133 17 1
133 353 1
133 390 1
133 311 1
133 126 1
133 590 1
133 253 1
133 192 1
133 298 1
133 98 1
134 241 1
134 399 1
134 542 1
134 412 1
134 622 1
134 308 1
134 390 1
134 312 1
134 387 1
134 119 1
134 17 1
134 177 1
134 32 1
135 148 1
135 309 1
135 374 1
135 584 1
135 661 1
135 247 1
135 674 1
135 267 1
135 543 1
135 507 1
135 645 1
135 523 1
135 427 1
135 221 1
135 106 1
135 346 1
135 228 1
135 212 1
135 240 1
135 42 1
135 359 1
135 489 1
135 241 1
135 137 1
135 498 1
135 98 1
135 214 1
135 491 1
135 347 1
135 698 1
135 87 1
135 696 1
135 67 1
135 120 1
135 635 1
135 704 1
135 396 1
135 177 1
135 262 1
135 524 1
135 328 1
135 506 1
135 509 1
135 119 1
135 46 1
135 146 1
135 650 1
136 406 1
136 36 1
136 22 1
136 103 1
136 475 1
136 200 1
136 19 1
136 277 1
136 117 1
136 456 1
136 31 1
136 98 1
136 454 1
136 457 1
137 153 1
137 186 1
137 262 1
137 284 1
137 309 1
137 510 1
137 403 1
137 646 1
137 684 1
137 647 1
137 690 1
137 366 1
137 87 1
137 710 1
137 32 1
137 619 1
137 476 1
137 55 1
137 705 1
137 589 1
137 696 1
137 679 1
137 19 1
137 205 1
138 58 1
138 106 1
138 175 1
138 577 1
138 20 1
138 374 1
138 512 1
138 456 1
138 215 1
138 338 1
138 354 1
138 685 1
138 209 1
138 717 1
138 89 1
138 107 1
138 41 1
138 605 1
138 32 1
138 262 1
139 369 1
139 546 1
139 454 1
139 721 1
139 717 1
139 298 1
139 140 1
139 718 1
139 56 1
139 20 1
139 564 1
139 308 1
139 387 1
139 404 1
139 456 1
139 223 1
139 113 1
140 137 1
140 223 1
140 131 1
140 158 1
140 474 1
140 359 1
140 514 1
140 427 1
140 432 1
140 627 1
140 352 1
140 681 1
140 177 1
140 208 1
140 34 1
140 534 1
140 374 1
140 92 1
140 512 1
140 636 1
140 716 1
140 722 1
140 173 1
140 157 1
140 723 1
140 145 1
140 22 1
141 363 1
141 477 1
141 479 1
141 21 1
141 301 1
141 343 1
141 46 1
141 220 1
141 508 1
141 219 1
141 552 1
141 48 1
141 74 1
141 603 1
142 356 1
142 370 1
142 21 1
142 214 1
142 38 1
142 344 1
142 353 1
142 195 1
142 227 1
142 714 1
142 539 1
143 128 1
143 652 1
143 304 1
143 420 1
143 94 1
143 110 1
143 21 1
143 37 1
144 42 1
144 651 1
144 537 1
144 293 1
144 301 1
144 21 1
144 698 1
144 298 1
144 59 1
144 237 1
144 202 1
144 646 1
144 84 1
145 233 1
145 236 1
145 255 1
145 21 1
145 401 1
145 298 1
146 331 1
146 21 1
146 329 1
146 31 1
146 603 1
147 46 1
147 119 1
147 493 1
147 394 1
147 21 1
147 686 1
147 165 1
147 67 1
147 126 1
147 187 1
147 429 1
148 576 1
148 368 1
148 199 1
148 349 1
148 28 1
148 128 1
148 21 1
149 25 1
149 342 1
149 530 1
149 356 1
149 483 1
149 93 1
149 174 1
149 181 1
149 128 1
149 115 1
149 714 1
149 606 1
149 194 1
149 74 1
149 220 1
149 698 1
150 117 1
150 241 1
150 573 1
150 173 1
150 22 1
150 352 1
150 723 1
150 479 1
150 358 1
150 55 1
150 209 1
150 106 1
150 535 1
150 476 1
150 42 1
150 399 1
151 583 1
151 618 1
151 427 1
151 443 1
151 36 1
151 22 1
151 678 1
151 119 1
151 146 1
151 160 1
151 53 1
151 487 1
151 283 1
151 676 1
151 705 1
151 32 1
151 396 1
151 264 1
151 132 1
151 721 1
151 46 1
151 604 1
151 540 1
151 562 1
152 116 1
152 87 1
152 186 1
152 205 1
152 180 1
152 107 1
152 36 1
152 157 1
152 132 1
152 46 1
152 479 1
152 190 1
152 439 1
152 621 1
152 22 1
152 617 1
152 381 1
152 522 1
152 510 1
152 260 1
152 42 1
152 35 1
152 37 1
152 55 1
152 220 1
152 290 1
152 100 1
152 499 1
152 640 1
152 165 1
152 159 1
152 119 1
152 152 1
152 171 1
152 117 1
152 436 1
152 404 1
152 240 1
152 354 1
152 30 1
152 426 1
152 717 1
152 416 1
152 595 1
152 449 1
152 167 1
152 120 1
152 476 1
152 454 1
153 440 1
153 208 1
153 266 1
153 511 1
153 62 1
153 602 1
153 22 1
153 639 1
153 328 1
153 331 1
153 321 1
153 46 1
153 134 1
154 298 1
154 690 1
154 302 1
154 126 1
154 520 1
154 398 1
154 553 1
154 22 1
154 36 1
154 392 1
154 157 1
154 423 1
154 438 1
154 704 1
154 517 1
154 613 1
154 360 1
155 61 1
155 22 1
155 480 1
155 217 1
155 32 1
155 36 1
155 532 1
156 704 1
156 22 1
156 70 1
156 454 1
156 114 1
156 461 1
156 540 1
156 42 1
156 656 1
156 717 1
156 321 1
156 375 1
156 729 1
156 673 1
156 522 1
156 235 1
156 641 1
156 100 1
156 30 1
157 687 1
157 615 1
157 654 1
157 22 1
158 537 1
158 157 1
158 264 1
158 89 1
158 567 1
158 300 1
158 622 1
158 145 1
158 540 1
158 673 1
158 724 1
158 616 1
158 500 1
158 550 1
158 42 1
158 533 1
158 159 1
158 22 1
158 407 1
158 119 1
158 303 1
158 426 1
158 235 1
158 81 1
158 722 1
158 597 1
158 438 1
158 70 1
158 30 1
159 98 1
159 91 1
159 684 1
159 128 1
159 22 1
159 393 1
159 111 1
159 501 1
159 42 1
159 300 1
160 495 1
160 92 1
160 566 1
160 289 1
160 648 1
160 208 1
160 311 1
160 611 1
160 22 1
160 628 1
160 42 1
160 128 1
160 207 1
161 551 1
161 262 1
161 653 1
161 240 1
161 264 1
161 706 1
161 671 1
161 573 1
161 119 1
161 70 1
161 540 1
161 593 1
161 499 1
161 221 1
161 569 1
161 201 1
161 479 1
161 472 1
161 438 1
161 626 1
161 46 1
161 623 1
161 595 1
161 432 1
161 529 1
161 31 1
162 371 1
162 62 1
162 220 1
162 669 1
162 548 1
162 454 1
162 103 1
162 298 1
162 569 1
162 113 1
162 268 1
162 183 1
162 36 1
162 31 1
162 580 1
162 46 1
162 22 1
162 157 1
163 643 1
163 486 1
163 467 1
163 568 1
163 376 1
163 392 1
163 690 1
163 399 1
163 529 1
163 61 1
164 114 1
164 157 1
164 510 1
164 111 1
164 125 1
164 613 1
164 719 1
164 727 1
164 496 1
164 526 1
164 70 1
164 653 1
164 30 1
164 666 1
164 540 1
164 171 1
164 223 1
164 102 1
164 71 1
164 593 1
164 22 1
164 642 1
165 315 1
165 358 1
165 274 1
165 412 1
165 309 1
165 418 1
165 420 1
165 424 1
165 70 1
165 231 1
165 157 1
165 103 1
165 557 1
165 138 1
165 234 1
165 203 1
165 108 1
165 253 1
165 494 1
165 89 1
165 113 1
165 540 1
165 185 1
165 458 1
165 303 1
165 407 1
165 243 1
166 471 1
166 23 1
166 74 1
166 26 1
166 217 1
166 532 1
166 612 1
166 373 1
166 274 1
166 412 1
166 304 1
166 420 1
166 76 1
166 256 1
166 599 1
166 96 1
166 355 1
166 178 1
166 230 1
167 79 1
167 166 1
167 262 1
167 186 1
167 205 1
167 591 1
167 611 1
167 618 1
167 624 1
167 485 1
167 23 1
167 171 1
167 178 1
167 708 1
167 140 1
167 713 1
167 707 1
167 642 1
167 721 1
168 298 1
168 173 1
168 30 1
168 23 1
168 70 1
168 455 1
168 127 1
168 599 1
168 242 1
168 144 1
168 341 1
168 96 1
168 256 1
169 32 1
169 324 1
169 169 1
169 300 1
169 153 1
169 490 1
169 591 1
169 223 1
169 532 1
169 612 1
169 51 1
169 220 1
169 89 1
169 266 1
169 46 1
169 485 1
169 81 1
169 62 1
169 294 1
170 152 1
170 172 1
170 130 1
170 450 1
170 167 1
170 133 1
170 569 1
170 165 1
170 446 1
170 32 1
170 90 1
170 466 1
170 268 1
170 143 1
170 122 1
170 185 1
170 24 1
170 556 1
170 197 1
170 226 1
170 253 1
170 634 1
170 494 1
170 427 1
170 83 1
170 464 1
170 445 1
170 131 1
170 537 1
170 119 1
170 347 1
171 277 1
171 403 1
171 348 1
171 49 1
171 470 1
171 226 1
171 578 1
171 567 1
171 476 1
171 488 1
171 165 1
171 323 1
171 24 1
171 681 1
171 304 1
171 418 1
171 214 1
172 683 1
172 128 1
172 42 1
172 101 1
172 514 1
172 586 1
172 615 1
172 153 1
172 627 1
172 533 1
172 111 1
172 158 1
172 24 1
172 30 1
172 210 1
172 177 1
172 172 1
172 381 1
172 225 1
172 700 1
172 146 1
172 509 1
172 352 1
172 581 1
172 652 1
172 403 1
173 259 1
173 239 1
173 128 1
173 413 1
173 495 1
173 235 1
173 149 1
173 484 1
173 566 1
173 70 1
173 544 1
173 59 1
173 142 1
173 500 1
173 402 1
173 429 1
173 635 1
173 534 1
173 42 1
173 190 1
173 480 1
173 61 1
173 482 1
173 119 1
173 712 1
173 704 1
173 454 1
173 414 1
173 639 1
173 698 1
173 518 1
173 79 1
173 723 1
173 298 1
173 426 1
173 223 1
173 613 1
173 404 1
173 32 1
174 397 1
174 311 1
174 536 1
174 78 1
174 139 1
175 25 1
175 73 1
175 43 1
175 63 1
175 576 1
175 637 1
175 660 1
175 208 1
175 289 1
175 128 1
176 361 1
176 124 1
176 25 1
176 43 1
176 370 1
176 128 1
176 648 1
176 75 1
176 565 1
176 576 1
176 609 1
176 117 1
177 329 1
177 109 1
177 473 1
177 264 1
177 446 1
177 214 1
177 494 1
177 331 1
177 315 1
177 657 1
177 228 1
177 209 1
177 564 1
177 25 1
177 184 1
177 64 1
177 691 1
177 328 1
177 401 1
177 46 1
177 246 1
178 349 1
178 483 1
178 121 1
178 576 1
178 115 1
178 73 1
178 194 1
178 511 1
178 63 1
178 714 1
178 199 1
178 606 1
179 276 1
179 287 1
179 256 1
179 341 1
179 273 1
179 147 1
179 388 1
179 72 1
179 48 1
179 32 1
179 26 1
179 170 1
180 72 1
180 197 1
180 238 1
180 264 1
180 125 1
180 90 1
180 36 1
180 611 1
180 147 1
180 226 1
180 548 1
180 26 1
180 32 1
180 490 1
181 183 1
181 446 1
181 638 1
181 574 1
181 217 1
181 269 1
181 134 1
181 46 1
181 375 1
181 99 1
181 602 1
181 26 1
181 238 1
181 105 1
181 717 1
181 170 1
182 147 1
182 320 1
182 217 1
182 281 1
182 26 1
182 105 1
182 71 1
182 85 1
182 446 1
182 731 1
183 262 1
183 324 1
183 521 1
183 526 1
183 531 1
183 448 1
183 372 1
183 231 1
183 715 1
183 547 1
183 517 1
183 147 1
183 417 1
183 484 1
183 98 1
183 214 1
183 71 1
183 107 1
183 183 1
183 339 1
183 143 1
183 621 1
183 298 1
183 367 1
183 134 1
183 662 1
183 371 1
183 52 1
183 290 1
183 425 1
183 688 1
183 347 1
183 118 1
183 488 1
183 311 1
183 594 1
183 200 1
183 94 1
183 246 1
183 464 1
183 83 1
183 146 1
183 42 1
183 299 1
184 306 1
184 74 1
184 109 1
184 83 1
184 186 1
184 46 1
184 411 1
184 27 1
184 505 1
184 456 1
184 131 1
184 107 1
184 451 1
184 153 1
184 420 1
184 654 1
184 412 1
184 274 1
184 527 1
184 509 1
184 38 1
185 344 1
185 440 1
185 430 1
185 453 1
185 27 1
185 206 1
185 437 1
185 70 1
185 46 1
185 64 1
185 42 1
185 32 1
185 90 1
185 253 1
186 49 1
186 250 1
186 205 1
186 437 1
186 175 1
186 87 1
186 277 1
186 403 1
186 396 1
186 510 1
186 211 1
186 146 1
186 153 1
186 186 1
186 152 1
186 67 1
186 180 1
186 167 1
186 275 1
186 139 1
186 262 1
186 125 1
186 166 1
186 608 1
186 27 1
186 415 1
186 47 1
186 381 1
186 162 1
187 240 1
187 375 1
187 192 1
187 190 1
187 387 1
187 27 1
187 48 1
187 579 1
187 569 1
187 140 1
187 519 1
187 404 1
187 669 1
187 32 1
187 450 1
187 322 1
187 79 1
187 443 1
187 95 1
187 556 1
187 613 1
187 694 1
188 661 1
188 119 1
188 27 1
188 678 1
188 128 1
188 340 1
188 380 1
188 34 1
188 42 1
188 498 1
188 641 1
189 653 1
189 559 1
189 159 1
189 146 1
189 561 1
189 290 1
189 162 1
189 613 1
189 27 1
189 125 1
189 378 1
189 120 1
189 427 1
189 149 1
189 373 1
190 135 1
190 120 1
190 352 1
190 511 1
190 451 1
190 42 1
190 274 1
190 98 1
190 32 1
190 357 1
190 27 1
190 453 1
190 325 1
190 253 1
191 123 1
191 246 1
191 374 1
191 377 1
191 38 1
191 484 1
191 45 1
191 398 1
191 32 1
191 90 1
191 639 1
191 439 1
191 674 1
191 462 1
191 520 1
191 46 1
191 481 1
191 108 1
191 290 1
192 109 1
192 146 1
192 517 1
192 177 1
192 510 1
192 262 1
192 604 1
192 453 1
192 549 1
192 119 1
192 153 1
192 297 1
192 559 1
192 538 1
192 423 1
192 401 1
192 44 1
192 429 1
192 476 1
192 715 1
192 534 1
192 379 1
192 30 1
192 32 1
192 442 1
192 499 1
192 56 1
192 226 1
192 240 1
192 407 1
192 64 1
192 46 1
192 413 1
192 646 1
192 354 1
193 86 1
193 516 1
193 28 1
193 107 1
193 252 1
193 370 1
194 28 1
194 32 1
194 315 1
194 219 1
194 725 1
194 298 1
194 244 1
194 46 1
195 394 1
195 219 1
195 86 1
195 28 1
195 280 1
195 552 1
195 349 1
195 110 1
195 66 1
196 115 1
196 93 1
196 29 1
196 41 1
196 492 1
196 622 1
196 117 1
196 122 1
196 488 1
196 631 1
196 359 1
196 79 1
196 253 1
196 128 1
196 282 1
196 336 1
196 179 1
196 222 1
196 435 1
196 181 1
196 637 1
196 228 1
197 30 1
197 70 1
197 510 1
197 120 1
197 186 1
197 253 1
197 34 1
197 420 1
197 424 1
197 315 1
197 507 1
197 113 1
198 297 1
198 476 1
198 30 1
198 513 1
198 98 1
198 32 1
198 551 1
198 612 1
198 70 1
198 362 1
198 128 1
198 113 1
198 454 1
198 548 1
198 36 1
198 139 1
198 335 1
198 303 1
198 525 1
198 143 1
199 264 1
199 30 1
199 279 1
199 173 1
199 260 1
199 466 1
199 347 1
199 315 1
199 384 1
199 426 1
199 513 1
199 679 1
199 712 1
199 534 1
200 447 1
200 624 1
200 173 1
200 30 1
200 264 1
200 197 1
200 480 1
200 119 1
200 42 1
200 337 1
201 32 1
201 241 1
201 640 1
201 347 1
201 476 1
201 191 1
201 36 1
201 477 1
201 522 1
201 363 1
201 113 1
201 56 1
201 30 1
201 315 1
201 481 1
201 46 1
201 246 1
201 653 1
201 454 1
201 495 1
201 303 1
201 613 1
202 695 1
202 607 1
202 209 1
202 30 1
202 262 1
202 696 1
202 107 1
202 454 1
203 75 1
203 81 1
203 256 1
203 48 1
203 321 1
203 192 1
203 532 1
203 550 1
203 511 1
203 162 1
203 208 1
203 265 1
203 119 1
203 397 1
203 32 1
203 555 1
203 492 1
203 375 1
203 675 1
203 542 1
203 549 1
203 613 1
203 671 1
203 534 1
203 46 1
203 89 1
203 513 1
203 435 1
203 564 1
203 100 1
203 294 1
203 30 1
203 275 1
203 61 1
203 165 1
203 339 1
203 38 1
203 621 1
204 402 1
204 497 1
204 505 1
204 267 1
204 518 1
204 566 1
204 235 1
204 30 1
204 607 1
204 42 1
204 163 1
204 613 1
205 268 1
205 298 1
205 70 1
205 32 1
205 480 1
205 65 1
205 413 1
205 208 1
205 274 1
205 185 1
205 143 1
205 653 1
205 201 1
205 473 1
205 315 1
205 620 1
205 42 1
205 75 1
205 167 1
205 152 1
205 226 1
205 363 1
205 364 1
205 717 1
205 531 1
205 447 1
205 729 1
205 279 1
205 30 1
205 321 1
205 467 1
205 165 1
206 655 1
206 279 1
206 132 1
206 30 1
206 103 1
206 423 1
206 645 1
206 126 1
206 487 1
206 617 1
206 264 1
206 693 1
207 32 1
207 623 1
207 574 1
207 502 1
207 556 1
207 246 1
207 30 1
207 46 1
207 475 1
208 300 1
208 499 1
208 98 1
208 377 1
208 671 1
208 56 1
208 81 1
208 488 1
208 589 1
208 107 1
208 67 1
208 288 1
208 135 1
208 38 1
208 715 1
208 32 1
208 449 1
208 646 1
208 462 1
208 30 1
208 608 1
209 125 1
209 223 1
209 103 1
209 545 1
209 671 1
209 308 1
209 32 1
209 692 1
209 343 1
209 280 1
209 414 1
209 188 1
209 246 1
209 727 1
209 717 1
209 691 1
209 666 1
209 71 1
209 593 1
210 498 1
210 46 1
210 220 1
210 183 1
210 298 1
210 571 1
210 351 1
210 208 1
210 153 1
210 622 1
210 88 1
210 698 1
210 149 1
210 70 1
210 371 1
210 209 1
210 262 1
210 179 1
210 102 1
210 31 1
211 32 1
211 255 1
211 476 1
211 371 1
211 528 1
211 541 1
211 153 1
211 146 1
211 131 1
211 38 1
211 583 1
211 355 1
211 306 1
211 353 1
211 582 1
211 633 1
211 412 1
211 654 1
211 351 1
211 132 1
211 682 1
212 32 1
212 404 1
212 42 1
212 648 1
212 555 1
212 425 1
212 375 1
212 697 1
212 113 1
213 189 1
213 165 1
213 251 1
213 32 1
213 330 1
213 190 1
213 206 1
213 479 1
213 101 1
213 427 1
213 153 1
213 47 1
213 146 1
213 67 1
213 490 1
213 160 1
213 244 1
213 663 1
213 659 1
213 166 1
213 409 1
213 180 1
213 396 1
213 359 1
213 541 1
213 174 1
213 141 1
213 128 1
213 42 1
213 83 1
213 436 1
213 106 1
213 186 1
213 221 1
213 122 1
213 636 1
213 709 1
213 503 1
214 286 1
214 64 1
214 371 1
214 32 1
214 46 1
214 75 1
214 311 1
215 137 1
215 32 1
215 465 1
215 360 1
215 609 1
215 618 1
215 555 1
215 641 1
215 617 1
215 206 1
215 474 1
215 103 1
215 290 1
215 672 1
215 612 1
215 661 1
215 61 1
215 36 1
215 454 1
215 226 1
215 435 1
215 598 1
215 477 1
215 698 1
215 480 1
215 81 1
215 46 1
216 172 1
216 32 1
216 165 1
216 555 1
216 505 1
216 711 1
216 348 1
216 454 1
216 88 1
216 228 1
217 137 1
217 147 1
217 351 1
217 125 1
217 207 1
217 510 1
217 574 1
217 446 1
217 209 1
217 89 1
217 468 1
217 48 1
217 32 1
217 231 1
218 46 1
218 275 1
218 47 1
218 112 1
218 42 1
218 32 1
218 253 1
218 118 1
218 346 1
219 286 1
219 488 1
219 108 1
219 49 1
219 168 1
219 32 1
219 231 1
219 72 1
219 645 1
219 126 1
219 130 1
219 389 1
220 568 1
220 651 1
220 32 1
220 253 1
220 196 1
220 575 1
220 128 1
220 534 1
220 320 1
220 355 1
220 511 1
220 693 1
221 251 1
221 604 1
221 51 1
221 274 1
221 190 1
221 297 1
221 122 1
221 579 1
221 189 1
221 445 1
221 371 1
221 460 1
221 165 1
221 32 1
221 443 1
221 347 1
221 318 1
221 669 1
221 266 1
221 551 1
221 292 1
221 79 1
222 267 1
222 291 1
222 585 1
222 109 1
222 244 1
222 209 1
222 597 1
222 258 1
222 634 1
222 192 1
222 592 1
222 32 1
222 42 1
222 312 1
222 183 1
222 46 1
222 225 1
222 103 1
222 241 1
222 132 1
222 416 1
223 355 1
223 35 1
223 42 1
223 220 1
223 617 1
223 288 1
223 53 1
223 238 1
223 126 1
223 32 1
223 37 1
223 105 1
223 269 1
223 188 1
223 591 1
223 46 1
224 153 1
224 177 1
224 32 1
224 119 1
224 704 1
224 38 1
224 373 1
224 42 1
224 157 1
224 117 1
224 340 1
224 653 1
224 447 1
224 374 1
225 32 1
225 324 1
225 298 1
225 421 1
225 696 1
225 621 1
225 653 1
225 46 1
225 288 1
225 715 1
225 265 1
226 67 1
226 281 1
226 153 1
226 122 1
226 191 1
226 83 1
226 206 1
226 253 1
226 684 1
226 138 1
226 601 1
226 251 1
226 284 1
226 710 1
226 32 1
226 414 1
227 126 1
227 240 1
227 477 1
227 133 1
227 511 1
227 509 1
227 36 1
227 584 1
227 602 1
227 510 1
227 281 1
227 587 1
227 264 1
227 130 1
227 605 1
227 536 1
227 38 1
227 117 1
227 345 1
227 371 1
227 32 1
227 715 1
227 119 1
227 214 1
227 599 1
227 296 1
227 673 1
228 285 1
228 288 1
228 287 1
228 139 1
228 458 1
228 478 1
228 480 1
228 499 1
228 461 1
228 568 1
228 639 1
228 262 1
228 490 1
228 671 1
228 442 1
228 703 1
228 462 1
228 569 1
228 644 1
228 75 1
228 32 1
228 98 1
228 120 1
228 84 1
228 513 1
228 400 1
228 359 1
228 45 1
228 648 1
228 432 1
228 215 1
229 440 1
229 171 1
229 358 1
229 403 1
229 145 1
229 32 1
229 42 1
229 347 1
229 253 1
229 677 1
229 400 1
229 445 1
229 566 1
229 231 1
230 221 1
230 117 1
230 295 1
230 369 1
230 338 1
230 186 1
230 384 1
230 405 1
230 474 1
230 503 1
230 68 1
230 696 1
230 506 1
230 702 1
230 726 1
230 75 1
230 272 1
230 32 1
230 226 1
230 402 1
230 262 1
231 98 1
231 148 1
231 415 1
231 202 1
231 183 1
231 363 1
231 190 1
231 243 1
231 284 1
231 676 1
231 670 1
231 283 1
231 487 1
231 348 1
231 543 1
231 262 1
231 133 1
231 150 1
231 417 1
231 32 1
231 577 1
231 299 1
232 307 1
232 227 1
232 81 1
232 375 1
232 443 1
232 211 1
232 120 1
232 466 1
232 39 1
232 353 1
232 258 1
232 717 1
232 619 1
232 352 1
232 535 1
232 126 1
232 539 1
232 718 1
232 371 1
233 137 1
233 240 1
233 90 1
233 511 1
233 262 1
233 165 1
233 509 1
233 119 1
233 323 1
233 601 1
233 281 1
233 264 1
233 290 1
233 133 1
233 536 1
233 653 1
233 67 1
233 113 1
233 698 1
233 673 1
233 709 1
233 327 1
233 152 1
233 454 1
233 131 1
233 324 1
234 143 1
234 168 1
234 42 1
234 588 1
234 126 1
234 572 1
234 371 1
234 347 1
234 376 1
234 354 1
234 228 1
234 298 1
234 542 1
234 240 1
234 490 1
234 402 1
234 690 1
234 215 1
234 98 1
234 46 1
235 34 1
235 49 1
235 442 1
235 310 1
235 177 1
235 257 1
235 382 1
235 579 1
235 68 1
235 335 1
235 403 1
235 700 1
235 42 1
235 535 1
235 347 1
235 235 1
236 101 1
236 179 1
236 364 1
236 372 1
236 158 1
236 431 1
236 92 1
236 175 1
236 405 1
236 191 1
236 34 1
236 327 1
236 510 1
236 180 1
236 382 1
236 69 1
236 313 1
236 369 1
236 221 1
236 333 1
236 305 1
236 689 1
236 615 1
237 419 1
237 122 1
237 42 1
237 168 1
237 374 1
237 527 1
237 163 1
237 119 1
237 83 1
237 730 1
237 671 1
237 345 1
237 604 1
237 117 1
237 164 1
237 158 1
237 702 1
237 177 1
238 203 1
238 107 1
238 193 1
238 523 1
238 35 1
238 42 1
238 283 1
238 676 1
238 487 1
238 452 1
239 489 1
239 405 1
239 193 1
239 35 1
239 42 1
240 519 1
240 580 1
240 632 1
240 165 1
240 363 1
240 249 1
240 36 1
240 351 1
240 562 1
240 169 1
240 450 1
240 70 1
240 56 1
240 713 1
240 569 1
240 183 1
240 264 1
240 644 1
240 437 1
240 532 1
240 274 1
241 147 1
241 150 1
241 85 1
241 269 1
241 42 1
241 212 1
241 285 1
241 577 1
241 423 1
241 278 1
241 519 1
241 525 1
241 217 1
241 556 1
241 679 1
241 197 1
241 450 1
241 388 1
241 36 1
241 138 1
241 105 1
241 622 1
242 91 1
242 441 1
242 285 1
242 38 1
242 688 1
242 289 1
243 540 1
243 300 1
243 156 1
243 38 1
243 535 1
243 524 1
243 328 1
243 610 1
243 459 1
243 661 1
243 494 1
243 310 1
243 373 1
243 198 1
243 306 1
243 558 1
243 369 1
243 46 1
243 56 1
243 264 1
243 111 1
243 325 1
243 414 1
244 136 1
244 187 1
244 233 1
244 400 1
244 434 1
244 544 1
244 381 1
244 428 1
244 448 1
244 614 1
244 284 1
244 393 1
244 257 1
244 308 1
244 625 1
244 586 1
244 689 1
244 316 1
244 310 1
244 38 1
244 330 1
244 158 1
244 162 1
244 620 1
244 581 1
244 705 1
244 706 1
244 657 1
244 726 1
244 228 1
244 111 1
244 167 1
245 85 1
245 287 1
245 142 1
245 298 1
245 250 1
245 254 1
245 630 1
245 38 1
245 136 1
245 39 1
245 78 1
245 400 1
245 139 1
246 96 1
246 144 1
246 452 1
246 198 1
246 127 1
246 306 1
246 230 1
246 74 1
246 178 1
246 38 1
247 607 1
247 655 1
247 554 1
247 364 1
247 497 1
247 613 1
247 213 1
247 75 1
247 128 1
247 580 1
247 42 1
247 39 1
247 393 1
247 665 1
248 295 1
248 319 1
248 226 1
248 142 1
248 191 1
248 213 1
248 609 1
248 78 1
248 386 1
248 58 1
248 488 1
249 137 1
249 82 1
249 183 1
249 40 1
249 228 1
249 287 1
249 96 1
250 42 1
250 419 1
250 153 1
250 169 1
250 163 1
250 166 1
250 138 1
250 470 1
250 379 1
251 125 1
251 208 1
251 103 1
251 46 1
251 512 1
251 240 1
251 42 1
251 345 1
251 495 1
251 442 1
251 722 1
252 44 1
252 538 1
252 42 1
252 298 1
252 258 1
252 288 1
252 139 1
252 355 1
252 553 1
252 126 1
253 516 1
253 128 1
253 86 1
253 42 1
253 107 1
253 238 1
253 63 1
253 239 1
253 565 1
254 130 1
254 112 1
254 568 1
254 384 1
254 265 1
254 375 1
254 139 1
254 661 1
255 69 1
255 111 1
255 367 1
255 253 1
255 169 1
255 221 1
255 42 1
255 212 1
255 593 1
255 734 1
255 310 1
255 302 1
255 182 1
256 310 1
256 335 1
256 486 1
256 101 1
256 333 1
256 87 1
256 221 1
256 272 1
256 394 1
256 528 1
257 54 1
257 523 1
257 283 1
257 652 1
257 654 1
257 42 1
257 132 1
257 193 1
257 487 1
257 697 1
257 316 1
257 586 1
257 625 1
258 496 1
258 363 1
258 684 1
258 577 1
258 201 1
259 46 1
259 360 1
259 262 1
259 125 1
259 220 1
259 412 1
259 296 1
259 183 1
259 189 1
259 83 1
259 388 1
259 50 1
259 465 1
259 274 1
259 309 1
259 420 1
259 123 1
259 64 1
259 119 1
259 42 1
259 354 1
260 57 1
260 359 1
260 173 1
260 62 1
260 545 1
260 265 1
260 70 1
260 522 1
260 111 1
260 122 1
260 528 1
260 450 1
260 500 1
260 42 1
261 75 1
261 432 1
261 345 1
261 117 1
261 585 1
261 374 1
261 546 1
261 295 1
261 138 1
261 42 1
261 611 1
261 83 1
261 498 1
261 183 1
261 107 1
261 67 1
261 347 1
261 214 1
261 602 1
261 278 1
261 46 1
261 126 1
262 704 1
262 131 1
262 329 1
262 42 1
262 328 1
262 401 1
262 87 1
263 45 1
263 256 1
263 213 1
263 648 1
263 362 1
263 253 1
263 90 1
263 400 1
263 276 1
263 287 1
264 467 1
264 481 1
264 488 1
264 119 1
264 493 1
264 85 1
265 386 1
265 262 1
265 691 1
265 416 1
265 436 1
265 117 1
265 42 1
266 284 1
266 330 1
266 508 1
266 614 1
266 581 1
266 620 1
266 364 1
266 393 1
266 482 1
266 645 1
266 314 1
266 629 1
266 253 1
266 701 1
266 557 1
267 437 1
267 704 1
267 550 1
267 535 1
267 324 1
267 426 1
267 139 1
267 419 1
267 45 1
267 213 1
267 42 1
268 364 1
268 371 1
268 267 1
268 168 1
268 315 1
268 42 1
269 579 1
269 434 1
269 72 1
269 42 1
269 320 1
269 202 1
270 378 1
270 69 1
270 179 1
270 491 1
270 120 1
270 295 1
270 692 1
270 228 1
270 186 1
270 359 1
270 501 1
270 663 1
270 466 1
270 509 1
271 429 1
271 635 1
271 665 1
271 244 1
271 187 1
271 435 1
271 118 1
271 400 1
271 368 1
271 289 1
271 574 1
271 377 1
271 91 1
272 268 1
272 147 1
272 273 1
272 46 1
272 647 1
272 116 1
273 300 1
273 279 1
273 220 1
273 183 1
273 269 1
273 235 1
273 244 1
273 46 1
273 566 1
273 662 1
274 302 1
274 81 1
274 46 1
274 260 1
274 215 1
274 416 1
274 640 1
274 294 1
274 529 1
274 504 1
274 508 1
275 610 1
275 232 1
275 550 1
275 453 1
275 223 1
275 707 1
275 398 1
275 209 1
275 226 1
275 297 1
275 355 1
275 471 1
275 46 1
275 513 1
275 549 1
275 604 1
275 566 1
275 216 1
275 643 1
275 595 1
275 534 1
275 596 1
275 117 1
275 298 1
275 551 1
275 444 1
275 214 1
275 173 1
275 673 1
275 367 1
275 75 1
275 609 1
275 656 1
275 636 1
276 300 1
276 532 1
276 56 1
276 448 1
276 451 1
276 167 1
276 733 1
276 46 1
276 472 1
276 251 1
276 432 1
276 540 1
276 535 1
276 98 1
277 228 1
277 504 1
277 280 1
277 126 1
277 446 1
277 454 1
277 81 1
278 191 1
278 575 1
278 68 1
278 630 1
278 50 1
278 386 1
278 246 1
278 655 1
278 431 1
279 340 1
279 51 1
279 322 1
279 569 1
279 119 1
279 619 1
279 208 1
280 117 1
280 169 1
280 201 1
280 185 1
280 206 1
280 51 1
280 556 1
280 290 1
280 243 1
280 510 1
280 56 1
280 218 1
280 89 1
280 135 1
280 497 1
280 208 1
280 245 1
280 450 1
281 237 1
281 504 1
281 293 1
281 252 1
281 52 1
282 144 1
282 287 1
282 471 1
282 178 1
282 720 1
282 82 1
283 153 1
283 120 1
283 583 1
283 382 1
283 125 1
283 262 1
283 67 1
283 140 1
283 175 1
283 151 1
283 311 1
283 662 1
284 68 1
284 271 1
284 119 1
284 83 1
284 663 1
284 313 1
284 638 1
284 674 1
284 682 1
284 98 1
284 633 1
285 185 1
285 474 1
285 148 1
285 68 1
285 153 1
285 604 1
285 333 1
285 378 1
285 489 1
285 186 1
285 205 1
285 700 1
285 160 1
285 106 1
285 177 1
286 419 1
286 578 1
286 402 1
286 226 1
286 83 1
287 318 1
287 437 1
287 519 1
287 628 1
287 157 1
287 366 1
287 322 1
287 152 1
287 203 1
287 432 1
287 173 1
287 478 1
287 476 1
288 71 1
288 544 1
288 219 1
288 389 1
288 81 1
288 292 1
288 156 1
288 244 1
288 239 1
289 182 1
289 438 1
289 202 1
289 89 1
289 71 1
290 76 1
290 485 1
290 276 1
290 204 1
290 336 1
290 287 1
291 207 1
291 81 1
291 496 1
291 276 1
291 260 1
291 666 1
292 346 1
292 555 1
292 209 1
292 206 1
292 460 1
292 111 1
292 402 1
292 441 1
292 614 1
292 94 1
292 81 1
292 131 1
292 731 1
293 582 1
293 612 1
293 677 1
293 165 1
293 726 1
293 83 1
293 186 1
293 179 1
293 162 1
293 636 1
293 431 1
293 160 1
293 117 1
293 692 1
294 83 1
294 387 1
294 647 1
294 383 1
294 116 1
294 119 1
294 613 1
294 319 1
294 130 1
295 92 1
295 158 1
295 668 1
295 587 1
295 132 1
295 449 1
295 313 1
295 146 1
295 383 1
295 352 1
295 490 1
295 481 1
295 279 1
295 447 1
295 531 1
295 177 1
295 262 1
295 503 1
295 633 1
295 83 1
295 685 1
296 675 1
296 95 1
296 209 1
296 592 1
296 200 1
296 723 1
297 128 1
297 276 1
297 343 1
297 427 1
297 408 1
297 371 1
297 400 1
297 308 1
297 235 1
297 253 1
297 213 1
297 399 1
297 431 1
297 359 1
297 640 1
297 226 1
298 122 1
298 327 1
298 205 1
298 317 1
298 274 1
298 309 1
298 424 1
298 316 1
298 652 1
298 507 1
298 352 1
298 421 1
298 330 1
298 228 1
298 111 1
298 598 1
298 100 1
298 206 1
298 499 1
299 216 1
299 494 1
299 441 1
299 293 1
299 113 1
299 423 1
299 717 1
299 244 1
299 175 1
299 261 1
300 129 1
300 119 1
300 346 1
300 340 1
301 426 1
301 246 1
301 179 1
301 125 1
301 466 1
301 131 1
301 397 1
301 655 1
301 295 1
301 339 1
302 436 1
302 126 1
302 426 1
302 431 1
302 427 1
302 156 1
303 126 1
303 703 1
303 709 1
303 160 1
303 512 1
304 133 1
304 522 1
304 287 1
304 204 1
304 336 1
304 587 1
305 151 1
305 170 1
305 183 1
305 197 1
305 371 1
306 190 1
306 589 1
306 497 1
306 167 1
306 337 1
306 315 1
306 442 1
306 482 1
306 732 1
307 187 1
307 682 1
307 183 1
307 251 1
307 330 1
307 180 1
308 307 1
308 227 1
308 539 1
308 365 1
308 229 1
309 432 1
309 309 1
309 412 1
309 691 1
309 508 1
